GeneName d=0 d=0.05 d=0.1 d=0.15 d=0.2 d=0.25 d=0.3 d=0.35 d=0.4 d=0.45 d=0.5 d=0.55 d=0.6 d=0.65 d=0.7 d=0.75 d=0.8 d=0.85 d=0.9 d=0.95 d=1 
Abca1, 53, 50, 45, 41, 35, 29, 26, 22, 23, 23, 22, 22, 21, 21, 20, 20, 20, 20, 18, 12, 1
Btk, 76, 76, 76, 77, 77, 78, 78, 76, 76, 76, 75, 75, 71, 70, 69, 69, 68, 68, 65, 62, 58
Cav1, 1, 1, 1, 1, 1, 1, 1, 1, 1, 1, 1, 1, 1, 1, 1, 1, 1, 1, 1, 1, 1
Cav3, 7, 3, 3, 3, 3, 3, 4, 4, 4, 4, 4, 4, 4, 4, 3, 3, 3, 1, 1, 1, 1
Cftr, 34, 29, 16, 5, 3, 3, 2, 2, 2, 2, 2, 2, 2, 2, 2, 2, 2, 2, 2, 1, 1
Clcn1, 61, 61, 61, 61, 61, 61, 61, 61, 61, 61, 61, 61, 61, 61, 61, 61, 61, 61, 61, 61, 27
Cnr1, 29, 32, 32, 32, 32, 32, 33, 31, 31, 31, 31, 31, 32, 32, 32, 32, 32, 32, 32, 31, 16
Emd, 43, 47, 50, 51, 51, 51, 52, 52, 52, 51, 50, 50, 50, 46, 46, 46, 45, 43, 41, 39, 16
Epas1, 36, 38, 36, 33, 33, 30, 26, 27, 27, 24, 23, 23, 23, 23, 23, 23, 24, 24, 24, 25, 32
Esrra, 54, 54, 54, 54, 54, 53, 51, 44, 42, 34, 28, 22, 18, 18, 18, 17, 16, 14, 14, 14, 41
Gap43, 63, 63, 63, 63, 63, 63, 62, 62, 61, 53, 46, 35, 28, 27, 27, 22, 19, 17, 16, 12, 1
Gnmt, 55, 55, 55, 55, 55, 55, 55, 55, 55, 55, 55, 55, 55, 55, 55, 55, 55, 55, 55, 55, 1
Hdac1, 62, 61, 58, 55, 52, 44, 34, 28, 24, 21, 20, 17, 15, 15, 15, 13, 13, 13, 13, 8, 1
Hdac2, 51, 51, 51, 51, 51, 50, 49, 48, 46, 43, 40, 33, 25, 22, 19, 18, 18, 18, 18, 17, 35
Hsf4, 50, 21, 21, 21, 21, 21, 21, 21, 21, 21, 21, 21, 21, 21, 21, 21, 21, 21, 21, 21, 43
Hspa1a, 18, 5, 3, 4, 5, 5, 5, 5, 5, 5, 5, 5, 5, 5, 5, 5, 5, 5, 5, 6, 4
Il6, 53, 51, 52, 53, 53, 52, 53, 52, 52, 53, 53, 53, 53, 53, 53, 54, 54, 54, 54, 54, 29
Lhx1, 13, 37, 40, 42, 47, 50, 51, 52, 52, 52, 53, 53, 53, 53, 53, 53, 53, 53, 53, 53, 8
Lhx8, 45, 46, 48, 48, 49, 49, 49, 49, 50, 50, 50, 50, 50, 50, 50, 52, 52, 52, 52, 52, 4
Lmna, 41, 14, 12, 10, 8, 8, 8, 8, 8, 8, 8, 8, 8, 8, 8, 7, 7, 7, 7, 7, 51
Mbnl1, 44, 46, 46, 44, 44, 45, 45, 45, 45, 44, 44, 46, 45, 44, 44, 44, 44, 44, 43, 40, 41
Mst1r, 9, 8, 9, 10, 10, 10, 10, 10, 10, 10, 10, 10, 10, 10, 10, 10, 10, 11, 11, 11, 42
Myd88, 1, 22, 31, 37, 39, 41, 41, 41, 41, 42, 42, 42, 42, 42, 42, 42, 42, 42, 42, 44, 54
Nos3, 58, 53, 48, 28, 17, 16, 10, 7, 7, 6, 6, 4, 4, 4, 3, 3, 3, 3, 3, 3, 4
Phgdh, 61, 61, 61, 61, 61, 61, 61, 61, 61, 61, 61, 61, 61, 61, 61, 61, 61, 61, 61, 61, 1
Pmp22, 78, 78, 78, 76, 70, 64, 53, 46, 44, 39, 37, 36, 36, 35, 34, 34, 33, 32, 32, 30, 56
Ppara, 65, 65, 65, 65, 65, 65, 65, 65, 65, 65, 65, 65, 65, 65, 65, 65, 65, 65, 65, 65, 2
Pthlh, 25, 23, 16, 10, 5, 4, 3, 2, 2, 2, 2, 2, 2, 2, 2, 2, 2, 2, 2, 2, 2
Rab3a, 72, 72, 72, 72, 72, 72, 72, 72, 72, 69, 68, 63, 60, 56, 54, 46, 44, 43, 42, 40, 29
Rasgrf1, 56, 57, 57, 57, 57, 53, 52, 46, 43, 38, 36, 32, 29, 29, 26, 21, 18, 15, 6, 1, 1
Rbm15, 1, 1, 1, 1, 2, 2, 4, 4, 6, 8, 8, 9, 11, 11, 11, 12, 12, 12, 12, 12, 32
Runx2, 63, 58, 46, 42, 40, 41, 40, 39, 39, 37, 37, 35, 34, 35, 35, 35, 35, 35, 35, 35, 33
Scd1, 23, 14, 9, 8, 8, 7, 8, 9, 10, 10, 11, 11, 11, 11, 11, 11, 11, 11, 10, 4, 1
Slc26a4, 40, 40, 40, 40, 40, 40, 40, 40, 40, 39, 39, 39, 39, 39, 39, 36, 36, 33, 31, 31, 14
Srf, 53, 51, 49, 42, 25, 19, 13, 12, 11, 8, 6, 6, 6, 6, 6, 6, 6, 6, 6, 6, 51
Tcf7, 45, 46, 46, 47, 47, 48, 49, 50, 52, 54, 53, 55, 55, 55, 55, 55, 55, 55, 55, 55, 14
Tgm2, 45, 45, 45, 43, 41, 39, 39, 36, 35, 33, 31, 25, 22, 21, 20, 17, 15, 15, 15, 15, 31
Zc3h12a, 20, 6, 8, 8, 9, 10, 10, 10, 10, 9, 8, 8, 8, 8, 9, 8, 9, 10, 10, 11, 8
Zfp36, 58, 60, 61, 61, 63, 63, 63, 63, 62, 62, 60, 60, 60, 59, 59, 58, 57, 57, 57, 58, 40
Zfx, 43, 43, 43, 42, 43, 42, 41, 40, 38, 37, 36, 37, 37, 36, 34, 30, 29, 27, 25, 22, 17

Average: 42.625 41.1 40.2 38.85 37.8 37.0 36.0 34.95 34.65 33.525 32.7 31.675 30.825 30.4 30.025 29.25 28.9 28.5 27.9 26.95 21.1 
top10 count: 5 6 7 10 10 10 11 11 11 12 11 11 10 10 10 10 10 9 11 11 16 
Roc_Score: 0.308989366264