GeneName, rank based on expr value 
Abca1, 53
Btk, 76
Cav1, 1
Cav3, 7
Cftr, 34
Clcn1, 61
Cnr1, 29
Emd, 43
Epas1, 36
Esrra, 54
Gap43, 63
Gnmt, 55
Hdac1, 62
Hdac2, 51
Hsf4, 50
Hspa1a, 18
Il6, 53
Lhx1, 13
Lhx8, 45
Lmna, 41
Mbnl1, 44
Mst1r, 9
Myd88, 1
Nos3, 58
Phgdh, 61
Pmp22, 78
Ppara, 65
Pthlh, 25
Rab3a, 72
Rasgrf1, 56
Rbm15, 1
Runx2, 63
Scd1, 23
Slc26a4, 40
Srf, 53
Tcf7, 45
Tgm2, 45
Zc3h12a, 20
Zfp36, 58
Zfx, 43
Average rank:42.625

for 15
0.346057370723 
0.362050853272 
0.375862919132 
0.392054712289 
0.405979332819 
0.421490438213 
0.436422691021 
0.450122202213 
0.46389674985 
0.47763913901 
0.490588285739 
0.502819226481 
0.513635194237 
0.523196981391 
0.531483148958 
0.538954635108 
0.545815110196 
0.553618900609 
0.563277163194 
0.575218677643 
0.606149772747 

for 14
0.346057370723 
0.371119543778 
0.391561615642 
0.419850355887 
0.448675070749 
0.476384958408 
0.500353743247 
0.519091415831 
0.534130863562 
0.54495755081 
0.554465740503 
0.561572763914 
0.568025898293 
0.574296801303 
0.580374753452 
0.58553082926 
0.590692264814 
0.59488894606 
0.599873509991 
0.605431566761 
0.539855072464 

for 13
0.346057370723 
0.367549952834 
0.395174084555 
0.427075293714 
0.455047808936 
0.478185833119 
0.49829560072 
0.515436068948 
0.528996226739 
0.540031944087 
0.549513335048 
0.557971014493 
0.564960123489 
0.571477574822 
0.577169625247 
0.582984949833 
0.587990952748 
0.594294014235 
0.601406397393 
0.611659591802 
0.557976374239 

for all combined
0.346057370723 
0.360067747191 
0.373552868536 
0.389696423977 
0.408852156762 
0.427161049653 
0.445652173913 
0.463055269702 
0.478582454335 
0.491853185833 
0.503923334191 
0.515350313009 
0.526873767258 
0.537689735014 
0.547358717091 
0.55583783552 
0.564188320041 
0.572120744362 
0.5817736472 
0.59835134208 
0.625401980962 

for PtoP
0.419101683976 
0.416109253066 
0.414569031274 
0.41462770639 
0.415009094643 
0.417884175321 
0.42061256821 
0.423106260635 
0.426260048114 
0.427609575779 
0.428651059086 
0.429457841929 
0.429560523382 
0.430455318899 
0.431540808543 
0.433829138063 
0.435838760782 
0.439271255061 
0.443913923605 
0.451930411313 
0.53662794109 
